START 124 1276 16144 3294 1783 760 END
START 8 2796 21192 -1623 6203 719 END
START -1944 948 25116 2032 3178 30 END
START -5176 1704 32767 -5460 4577 2155 END
START -6864 276 32767 -15874 -2936 -2839 END
START -5204 308 25124 -23481 -3130 -7978 END
START -3924 1772 12472 -21936 -7204 -11393 END
START -1488 -992 7104 -12971 -7846 -11684 END
START 1044 -1440 -1728 -3317 -3244 -10615 END
START 3572 712 -536 6422 7472 -11035 END
START 6040 4196 -2464 22948 3196 4930 END
START -436 6912 10572 28419 16233 -2431 END
START -1868 8696 31048 32767 7861 7314 END
START -3360 12344 32767 11936 9395 2882 END
START -6732 4440 32767 -4959 -226 3817 END
START -7652 4444 32767 -18944 -7668 -255 END
START -5720 4532 25280 -25793 -10252 -1037 END
START -3252 2244 14036 -26513 -7199 -3359 END
START -4604 -1936 5484 -22671 -6178 -8145 END
START -4880 -4084 -6296 -9619 -7832 -11170 END
START -944 -568 -13820 7566 -1818 -19400 END
START -920 3520 -7596 19759 10620 -12345 END
START 3964 17988 1376 32767 9997 -15006 END
START 1896 16808 23828 29064 11167 -4204 END
START -284 17472 32767 18880 17194 -256 END
START -640 11352 32767 10840 4167 -213 END
START -868 11456 32767 5478 5499 -1173 END
START 192 10144 28012 -1739 -2351 4371 END
START -2536 7880 21536 -6046 -3462 4660 END
START -1904 8080 17376 -12392 2074 5116 END